30 24 
29 25 
29 29 
28 30 
29 33 
28 34 
29 35 
29 36 
33 42 
33 43 
34 43 
35 43 
39 45 
41 45 
42 45 
43 46 
44 46 
45 46 
46 46 
47 46 
48 46 
49 46 
50 46 
51 45 
52 45 
52 46 
53 47 
55 47 
56 48 
57 48 
58 49 
58 51 
60 51 
62 53 
62 55 
63 56 
67 56 
69 60 
74 60 
74 67 
79 67 
83 71 
85 71 
87 72 
90 68 
105 68 
111 69 
115 72 
118 72 
132 76 
135 80 
139 76 
141 75 
146 75 
147 74 
154 74 
153 77 
157 80 
159 78 
159 74 
162 74 
164 71 
170 71 
173 71 
173 64 
179 59 
184 63 
191 59 
191 56 
189 54 
187 54 
186 55 
185 54 
186 53 
183 53 
180 55 
176 51 
175 49 
175 45 
172 42 
169 42 
165 38 
161 38 
156 33 
156 31 
149 24 
144 21 
138 21 
133 16 
129 16 
128 15 
121 15 
120 16 
120 18 
119 19 
119 20 
118 21 
112 21 
110 23 
106 23 
91 28 
97 31 
87 33 
86 34 
86 39 
84 41 
82 39 
78 39 
66 34 
65 34 
62 31 
61 31 
59 33 
58 33 
54 29 
52 29 
49 26 
48 26 
46 24 
45 24 
44 25 
44 27 
43 27 
42 26 
42 22 
40 22 
40 23 
39 24 
37 24 
36 24 
35 25 
33 25 
32 24 
30 24 