30 24
30 40
30 45
30 45
30 40
80 55
85 87
75 70
70 70
83 71
88 73
90 78
106 78
111 79
133 86
135 80
135 90
144 86
149 85
161 85
171 90
175 85	
179 80
179 85
181 85
183 85
184 84
188 81
188 78
194 73
194 69
194 74
188 79
195 74
195 72
195 59
188 57
188 57
180 53
176 52
180 55
175 49
172 43
169 43
165 38
161 38
156 33
156 31
149 24
144 21
138 21
133 16
133 16
129 16
128 15
121 15
120 28
118 31
112 31
110 33
105 33
91 33
87 39
86 43
86 49
86 49
84 51
84 51
82 49
82 49
78 49
66 40
62 32
59 34
54 30
54 30
45 24
39 30
34 30
30 24