31 26
33 27
34 27
35 28
37 26
39 25
39 26
40 27
40 29
42 31
44 29
44 27
45 26
46 26
50 30
50 31
56 35
58 35
60 33
62 33
71 38
74 38
78 40
79 40
82 43
88 43
89 42
93 39
93 37
89 33
91 29
97 29
98 28
100 28
101 27
105 27
106 26
111 26
119 21
119 20
122 17
127 17
131 20
132 20
136 23
142 23
147 26
148 26
151 29
151 30
153 32
153 34
162 43
167 43
172 48
172 57
165 64
165 67
165 67
164 68
163 68
159 64
153 64
149 60
144 60
143 61
142 61
141 60
136 60
133 58
131 58
132 59
128 59
124 55
122 54
120 56
115 56
113 55
110 55
107 58
104 59
95 59
93 57
93 57
89 60
85 60
85 56
88 53
88 52
85 52
82 55
82 58
83 59
82 61
80 61
75 59
75 56
74 52
77 48
77 46
75 46
72 50
72 52
70 55
69 55
68 53
69 51
68 50
66 52
66 52
64 50
65 50
65 44
64 44
62 46
61 46
60 45
57 45
56 44
54 44
52 42
42 42
37 43
33 40
33 37
29 33
29 32
30 31
33 31
33 30
31 28
31 26
